0.0 0.0 0.0 0.0 0.0 0.0 0.0 0.0 0.0 0.0 -126.0 -129.0 -90.0 -75.0 0.0 0.0 -58.0 0.0 0.0 0.0 
88.0 0.0 0.0 0.0 0.0 0.0 0.0 0.0 0.0 0.0 -126.0 -129.0 -90.0 -75.0 0.0 0.0 -64.0 0.0 0.0 0.0 
181.0 0.0 0.0 0.0 0.0 0.0 0.0 0.0 0.0 0.0 -126.0 -129.0 -90.0 -75.0 0.0 0.0 -64.0 0.0 0.0 0.0 
270.0 0.0 0.0 0.0 0.0 0.0 0.0 0.0 0.0 0.0 -126.0 -129.0 -90.0 -75.0 0.0 0.0 -64.0 0.0 0.0 0.0 
362.0 0.0 0.0 0.0 0.0 0.0 0.0 0.0 0.0 0.0 -126.0 -129.0 -90.0 -75.0 0.0 0.0 -64.0 0.0 0.0 0.0 
362.0 0.0 0.0 0.0 0.0 0.0 0.0 0.0 0.0 0.0 0.0 0.0 -11.0 -20.0 0.0 0.0 -12.0 0.0 0.0 44.0 
149.0 0.0 0.0 0.0 0.0 0.0 0.0 0.0 0.0 0.0 0.0 0.0 0.0 0.0 0.0 0.0 0.0 0.0 0.0 0.0 
218.0 45.0 51.0 -28.0 7.0 -53.0 -43.0 11.0 -55.0 0.0 0.0 0.0 0.0 0.0 0.0 0.0 0.0 0.0 0.0 0.0 
183.0 22.0 51.0 -3.0 -1.0 -27.0 -43.0 11.0 1.0 0.0 0.0 0.0 0.0 0.0 0.0 0.0 0.0 0.0 0.0 0.0 
140.0 56.0 51.0 31.0 -8.0 -54.0 -43.0 11.0 1.0 -56.0 0.0 0.0 0.0 0.0 0.0 0.0 0.0 0.0 0.0 0.0
183.0 22.0 51.0 -3.0 -1.0 -27.0 -43.0 11.0 1.0 0.0 0.0 0.0 0.0 0.0 0.0 0.0 0.0 0.0 0.0 0.0  
218.0 45.0 51.0 -28.0 7.0 -53.0 -43.0 11.0 -55.0 0.0 0.0 0.0 0.0 0.0 0.0 0.0 0.0 0.0 0.0 0.0 
183.0 22.0 51.0 -3.0 -1.0 -27.0 -43.0 11.0 1.0 0.0 0.0 0.0 0.0 0.0 0.0 0.0 0.0 0.0 0.0 0.0 
140.0 56.0 51.0 31.0 -8.0 -54.0 -43.0 11.0 1.0 -56.0 0.0 0.0 0.0 0.0 0.0 0.0 0.0 0.0 0.0 0.0
183.0 22.0 51.0 -3.0 -1.0 -27.0 -43.0 11.0 1.0 0.0 0.0 0.0 0.0 0.0 0.0 0.0 0.0 0.0 0.0 0.0 
218.0 45.0 51.0 -28.0 7.0 -53.0 -43.0 11.0 -55.0 0.0 0.0 0.0 0.0 0.0 0.0 0.0 0.0 0.0 0.0 0.0 
183.0 22.0 51.0 -3.0 -1.0 -27.0 -43.0 11.0 1.0 0.0 0.0 0.0 0.0 0.0 0.0 0.0 0.0 0.0 0.0 0.0 
140.0 56.0 51.0 31.0 -8.0 -54.0 -43.0 11.0 1.0 -56.0 0.0 0.0 0.0 0.0 0.0 0.0 0.0 0.0 0.0 0.0
183.0 22.0 51.0 -3.0 -1.0 -27.0 -43.0 11.0 1.0 0.0 0.0 0.0 0.0 0.0 0.0 0.0 0.0 0.0 0.0 0.0
207.0 48.0 23.0 -31.0 0.0 -45.0 -21.0 0.0 -59.0 35.0 0.0 0.0 0.0 0.0 0.0 0.0 0.0 0.0 0.0 0.0 
180.0 -2.0 23.0 -1.0 0.0 0.0 -21.0 0.0 11.0 3.0 0.0 0.0 0.0 0.0 0.0 0.0 0.0 0.0 0.0 0.0 
143.0 44.0 23.0 40.0 20.0 -45.0 -43.0 0.0 57.0 -57.0 0.0 0.0 0.0 0.0 0.0 0.0 0.0 0.0 0.0 0.0 
180.0 -2.0 23.0 -1.0 0.0 0.0 -21.0 0.0 11.0 3.0 0.0 0.0 0.0 0.0 0.0 0.0 0.0 0.0 0.0 0.0 
207.0 48.0 23.0 -31.0 0.0 -45.0 -21.0 0.0 -59.0 35.0 0.0 0.0 0.0 0.0 0.0 0.0 0.0 0.0 0.0 0.0 
180.0 -2.0 23.0 -1.0 0.0 0.0 -21.0 0.0 11.0 3.0 0.0 0.0 0.0 0.0 0.0 0.0 0.0 0.0 0.0 0.0 
143.0 44.0 23.0 40.0 20.0 -45.0 -43.0 0.0 57.0 -57.0 0.0 0.0 0.0 0.0 0.0 0.0 0.0 0.0 0.0 0.0 
180.0 -2.0 23.0 -1.0 0.0 0.0 -21.0 0.0 11.0 3.0 0.0 0.0 0.0 0.0 0.0 0.0 0.0 0.0 0.0 0.0 
207.0 48.0 23.0 -31.0 0.0 -45.0 -21.0 0.0 -59.0 35.0 0.0 0.0 0.0 0.0 0.0 0.0 0.0 0.0 0.0 0.0 
180.0 -2.0 23.0 -1.0 0.0 0.0 -21.0 0.0 11.0 3.0 0.0 0.0 0.0 0.0 0.0 0.0 0.0 0.0 0.0 0.0 
143.0 44.0 23.0 40.0 20.0 -45.0 -43.0 0.0 57.0 -57.0 0.0 0.0 0.0 0.0 0.0 0.0 0.0 0.0 0.0 0.0 
180.0 -2.0 23.0 -1.0 0.0 0.0 -21.0 0.0 11.0 3.0 0.0 0.0 0.0 0.0 0.0 0.0 0.0 0.0 0.0 0.0 
187.0 -64.0 -7.0 -12.0 -46.0 68.0 0.0 23.0 -61.0 -13.0 0.0 0.0 0.0 0.0 89.0 -15.0 0.0 68.0 -8.0 0.0 
187.0 -24.0 -7.0 -2.0 -56.0 27.0 0.0 23.0 -61.0 -13.0 0.0 0.0 0.0 0.0 89.0 -15.0 0.0 68.0 -8.0 0.0 
187.0 -64.0 -7.0 -12.0 -46.0 68.0 0.0 23.0 -61.0 -13.0 0.0 0.0 0.0 0.0 89.0 -15.0 0.0 68.0 -8.0 0.0 
187.0 -24.0 -7.0 -2.0 -56.0 27.0 0.0 23.0 -61.0 -13.0 0.0 0.0 0.0 0.0 89.0 -15.0 0.0 68.0 -8.0 0.0 
187.0 -64.0 -7.0 -12.0 -46.0 68.0 0.0 23.0 -61.0 -13.0 0.0 0.0 0.0 0.0 89.0 -15.0 0.0 68.0 -8.0 0.0 


